function B_sym = B_fun()
B_sym=[0.0032,0.0032;-0.0000,0.0000;0.0033,-0.0033];
end
